trial_Num,turn,step,Fig_Pos,L_Key,R_Key,error,category,Time,All_Time,exp
1,-1,1,-800,-,R,0,5.R,0.38,0.38,indivi
1,1,2,-760,L,-,0,0.L,0.27,0.65,indivi
1,-1,3,-720,-,R,0,5.R,0.53,1.18,indivi
1,1,4,-680,L,-,0,0.L,0.14,1.32,indivi
1,-1,5,-640,-,R,0,5.R,0.26,1.59,indivi
1,1,5,-640,-,R,1,4.XR,3.87,5.46,indivi
1,1,6,-600,L,-,0,0.L,0.14,5.6,indivi
1,-1,6,-600,L,R,1,2.XLR,0.79,6.39,indivi
1,-1,7,-560,-,R,0,5.R,4.93,11.32,indivi
1,1,8,-520,L,-,0,0.L,0.27,11.59,indivi
1,-1,9,-480,-,R,0,5.R,0.53,12.12,indivi
1,1,10,-440,L,-,0,0.L,0.27,12.39,indivi
1,-1,11,-400,-,R,0,5.R,0.38,12.77,indivi
1,1,12,-360,L,-,0,0.L,0.27,13.04,indivi
1,-1,13,-320,-,R,0,5.R,0.26,13.3,indivi
1,1,14,-280,L,-,0,0.L,0.28,13.58,indivi
1,-1,15,-240,-,R,0,5.R,0.13,13.72,indivi
1,1,16,-200,L,-,0,0.L,0.41,14.13,indivi
1,-1,17,-160,-,R,0,5.R,0.13,14.26,indivi
1,1,18,-120,L,-,0,0.L,0.27,14.52,indivi
1,-1,19,-80,-,R,0,5.R,0.14,14.66,indivi
1,1,20,-40,L,-,0,0.L,0.27,14.93,indivi
1,-1,21,0,-,R,0,5.R,0.26,15.19,indivi
1,1,22,40,L,-,0,0.L,0.13,15.32,indivi
1,-1,23,80,-,R,0,5.R,0.13,15.45,indivi
1,1,24,120,L,-,0,0.L,0.28,15.73,indivi
1,-1,25,160,-,R,0,5.R,0.26,15.99,indivi
1,1,25,160,-,R,1,4.XR,0.27,16.26,indivi
1,1,26,200,L,-,0,0.L,0.13,16.39,indivi
1,-1,27,240,-,R,0,5.R,0.4,16.79,indivi
1,1,28,280,L,-,0,0.L,0.27,17.06,indivi
1,-1,29,320,-,R,0,5.R,0.13,17.19,indivi
1,1,30,360,L,-,0,0.L,0.27,17.46,indivi
1,-1,31,400,-,R,0,5.R,0.26,17.72,indivi
1,1,32,440,L,-,0,0.L,0.27,17.99,indivi
1,-1,33,480,-,R,0,5.R,0.13,18.13,indivi
1,1,34,520,L,-,0,0.L,0.27,18.39,indivi
1,-1,35,560,-,R,0,5.R,0.26,18.66,indivi
1,1,36,600,L,-,0,0.L,0.13,18.79,indivi
1,-1,37,640,-,R,0,5.R,0.14,18.93,indivi
1,1,38,680,L,-,0,0.L,0.27,19.2,indivi
1,-1,39,720,-,R,0,5.R,0.26,19.46,indivi
1,1,40,760,L,-,0,0.L,0.27,19.73,indivi
1,-1,41,800,-,R,0,5.R,0.12,19.85,indivi
1,1,41,800,L,R,1,3.XRL,0.27,20.12,indivi
1,1,41,800,L,R,1,3.XRL,1.07,21.19,indivi
1,1,41,800,-,R,1,4.XR,0.8,21.99,indivi
1,1,42,840,L,-,0,0.L,0.27,22.25,indivi
,,,,,,,,,,
,,,,,,,,,,
2,1,0,-840,-,R,1,4.XR,1.19,1.19,indivi
2,1,1,-800,L,-,0,0.L,0.27,1.46,indivi
2,-1,2,-760,-,R,0,5.R,0.26,1.72,indivi
2,1,3,-720,L,-,0,0.L,0.14,1.86,indivi
2,-1,4,-680,-,R,0,5.R,0.26,2.12,indivi
2,1,5,-640,L,-,0,0.L,0.14,2.26,indivi
2,-1,6,-600,-,R,0,5.R,0.26,2.52,indivi
2,1,7,-560,L,-,0,0.L,0.14,2.66,indivi
2,-1,8,-520,-,R,0,5.R,0.13,2.79,indivi
2,1,9,-480,L,-,0,0.L,0.26,3.05,indivi
2,-1,10,-440,-,R,0,5.R,0.14,3.19,indivi
2,1,11,-400,L,-,0,0.L,0.27,3.46,indivi
2,-1,12,-360,-,R,0,5.R,0.13,3.59,indivi
2,1,13,-320,L,-,0,0.L,0.27,3.86,indivi
2,-1,14,-280,-,R,0,5.R,0.26,4.12,indivi
2,1,15,-240,L,-,0,0.L,0.14,4.26,indivi
2,-1,16,-200,-,R,0,5.R,0.13,4.39,indivi
2,1,17,-160,L,-,0,0.L,0.14,4.53,indivi
2,-1,18,-120,-,R,0,5.R,0.26,4.79,indivi
2,1,19,-80,L,-,0,0.L,0.14,4.92,indivi
2,-1,20,-40,-,R,0,5.R,0.13,5.05,indivi
2,1,21,0,L,-,0,0.L,0.4,5.46,indivi
2,-1,22,40,-,R,0,5.R,0.13,5.59,indivi
2,1,23,80,L,-,0,0.L,0.14,5.72,indivi
2,-1,24,120,-,R,0,5.R,0.13,5.85,indivi
2,1,24,120,-,R,1,4.XR,0.14,5.99,indivi
2,1,25,160,L,-,0,0.L,0.27,6.26,indivi
2,-1,26,200,-,R,0,5.R,0.26,6.52,indivi
2,1,27,240,L,-,0,0.L,0.14,6.66,indivi
2,-1,28,280,-,R,0,5.R,0.13,6.79,indivi
2,1,28,280,L,R,1,3.XRL,0.27,7.06,indivi
2,1,28,280,-,R,1,4.XR,0.4,7.46,indivi
2,1,29,320,L,-,0,0.L,0.13,7.59,indivi
2,-1,30,360,-,R,0,5.R,0.13,7.72,indivi
2,1,30,360,-,R,1,4.XR,0.27,7.99,indivi
2,1,31,400,L,-,0,0.L,0.27,8.26,indivi
2,-1,32,440,-,R,0,5.R,0.13,8.39,indivi
2,1,32,440,-,R,1,4.XR,0.27,8.66,indivi
2,1,33,480,L,-,0,0.L,0.27,8.92,indivi
2,-1,34,520,-,R,0,5.R,0.13,9.06,indivi
2,1,34,520,-,R,1,4.XR,0.27,9.33,indivi
2,1,35,560,L,-,0,0.L,0.26,9.59,indivi
2,-1,36,600,-,R,0,5.R,0.13,9.72,indivi
2,1,37,640,L,-,0,0.L,0.41,10.13,indivi
2,-1,38,680,-,R,0,5.R,0.13,10.25,indivi
2,1,38,680,-,R,1,4.XR,0.27,10.52,indivi
2,1,38,680,L,R,1,3.XRL,0.27,10.79,indivi
2,1,38,680,-,R,1,4.XR,0.4,11.19,indivi
2,1,38,680,-,R,1,4.XR,0.27,11.46,indivi
2,1,39,720,L,-,0,0.L,0.13,11.59,indivi
2,-1,40,760,-,R,0,5.R,0.4,11.99,indivi
2,1,40,760,L,R,1,3.XRL,1.46,13.45,indivi
2,1,40,760,L,R,1,3.XRL,0.8,14.26,indivi
2,1,40,760,-,R,1,4.XR,0.4,14.66,indivi
2,1,41,800,L,-,0,0.L,0.27,14.92,indivi
2,-1,42,840,-,R,0,5.R,0.27,15.19,indivi
,,,,,,,,,,
,,,,,,,,,,
3,-1,1,-800,-,R,0,5.R,0.77,0.77,indivi
3,1,2,-760,L,-,0,0.L,0.27,1.04,indivi
3,-1,3,-720,-,R,0,5.R,0.26,1.3,indivi
3,1,4,-680,L,-,0,0.L,0.27,1.57,indivi
3,-1,5,-640,-,R,0,5.R,0.13,1.7,indivi
3,1,5,-640,L,R,1,3.XRL,0.27,1.97,indivi
3,1,6,-600,L,-,0,0.L,0.27,2.24,indivi
3,-1,7,-560,-,R,0,5.R,0.13,2.37,indivi
3,1,8,-520,L,-,0,0.L,0.27,2.64,indivi
3,-1,9,-480,-,R,0,5.R,0.13,2.77,indivi
3,1,9,-480,L,R,1,3.XRL,0.4,3.17,indivi
3,1,9,-480,-,R,1,4.XR,0.27,3.44,indivi
3,1,10,-440,L,-,0,0.L,0.26,3.7,indivi
3,-1,11,-400,-,R,0,5.R,0.13,3.83,indivi
3,1,12,-360,L,-,0,0.L,0.27,4.11,indivi
3,-1,13,-320,-,R,0,5.R,0.13,4.24,indivi
3,1,14,-280,L,-,0,0.L,0.27,4.51,indivi
3,-1,15,-240,-,R,0,5.R,0.13,4.63,indivi
3,1,15,-240,L,R,1,3.XRL,0.27,4.9,indivi
3,1,15,-240,-,R,1,4.XR,0.27,5.17,indivi
3,1,16,-200,L,-,0,0.L,0.27,5.44,indivi
3,-1,17,-160,-,R,0,5.R,0.26,5.7,indivi
3,1,18,-120,L,-,0,0.L,0.27,5.97,indivi
3,-1,19,-80,-,R,0,5.R,0.13,6.1,indivi
3,1,20,-40,L,-,0,0.L,0.27,6.37,indivi
3,-1,21,0,-,R,0,5.R,0.13,6.5,indivi
3,1,22,40,L,-,0,0.L,0.41,6.91,indivi
3,-1,23,80,-,R,0,5.R,0.13,7.03,indivi
3,1,23,80,L,R,1,3.XRL,0.27,7.3,indivi
3,1,23,80,-,R,1,4.XR,0.41,7.71,indivi
3,1,24,120,L,-,0,0.L,0.27,7.97,indivi
3,-1,25,160,-,R,0,5.R,0.26,8.24,indivi
3,1,26,200,L,-,0,0.L,0.13,8.37,indivi
3,-1,27,240,-,R,0,5.R,0.26,8.63,indivi
3,1,27,240,L,R,1,3.XRL,0.41,9.04,indivi
3,1,27,240,-,R,1,4.XR,0.27,9.31,indivi
3,1,28,280,L,-,0,0.L,0.13,9.44,indivi
3,-1,28,280,L,R,1,2.XLR,0.26,9.7,indivi
3,-1,28,280,L,R,1,2.XLR,0.4,10.1,indivi
3,-1,29,320,-,R,0,5.R,0.27,10.37,indivi
3,1,30,360,L,-,0,0.L,0.13,10.5,indivi
3,-1,31,400,-,R,0,5.R,0.26,10.77,indivi
3,1,31,400,L,R,1,3.XRL,0.27,11.04,indivi
3,1,31,400,L,R,1,3.XRL,0.4,11.44,indivi
3,1,31,400,-,R,1,4.XR,0.39,11.84,indivi
3,1,32,440,L,-,0,0.L,0.27,12.1,indivi
3,-1,33,480,-,R,0,5.R,0.14,12.24,indivi
3,1,33,480,-,R,1,4.XR,0.27,12.51,indivi
3,1,34,520,L,-,0,0.L,0.13,12.64,indivi
3,-1,35,560,-,R,0,5.R,0.26,12.9,indivi
3,1,36,600,L,-,0,0.L,0.14,13.04,indivi
3,-1,37,640,-,R,0,5.R,0.13,13.16,indivi
3,1,37,640,L,R,1,3.XRL,0.41,13.57,indivi
3,1,37,640,L,R,1,3.XRL,0.27,13.84,indivi
3,1,37,640,L,R,1,3.XRL,0.28,14.13,indivi
3,1,37,640,L,R,1,3.XRL,0.39,14.52,indivi
3,1,37,640,L,R,1,3.XRL,0.27,14.79,indivi
3,1,37,640,-,R,1,4.XR,0.26,15.05,indivi
3,1,38,680,L,-,0,0.L,0.27,15.32,indivi
3,-1,39,720,-,R,0,5.R,0.26,15.58,indivi
3,1,40,760,L,-,0,0.L,0.27,15.85,indivi
3,-1,41,800,-,R,0,5.R,0.13,15.99,indivi
3,1,41,800,-,R,1,4.XR,0.4,16.39,indivi
3,1,41,800,-,R,1,4.XR,0.8,17.19,indivi
3,1,42,840,L,-,0,0.L,0.14,17.32,indivi
,,,,,,,,,,
,,,,,,,,,,
4,1,0,-840,-,R,1,4.XR,0.39,0.39,indivi
4,1,1,-800,L,-,0,0.L,0.13,0.52,indivi
4,-1,2,-760,-,R,0,5.R,0.27,0.79,indivi
4,1,3,-720,L,-,0,0.L,0.13,0.92,indivi
4,-1,4,-680,-,R,0,5.R,0.13,1.05,indivi
4,1,5,-640,L,-,0,0.L,0.27,1.32,indivi
4,-1,6,-600,-,R,0,5.R,0.13,1.45,indivi
4,1,6,-600,L,R,1,3.XRL,0.27,1.72,indivi
4,1,6,-600,L,R,1,3.XRL,0.27,1.99,indivi
4,1,7,-560,L,-,0,0.L,0.4,2.39,indivi
4,-1,8,-520,-,R,0,5.R,0.13,2.52,indivi
4,1,9,-480,L,-,0,0.L,0.27,2.79,indivi
4,-1,10,-440,-,R,0,5.R,0.13,2.92,indivi
4,1,11,-400,L,-,0,0.L,0.27,3.19,indivi
4,-1,12,-360,-,R,0,5.R,0.27,3.45,indivi
4,1,13,-320,L,-,0,0.L,0.27,3.72,indivi
4,-1,14,-280,-,R,0,5.R,0.13,3.85,indivi
4,1,14,-280,L,R,1,3.XRL,0.27,4.12,indivi
4,1,14,-280,-,R,1,4.XR,0.26,4.39,indivi
4,1,14,-280,L,R,1,3.XRL,0.4,4.79,indivi
4,1,14,-280,-,R,1,4.XR,0.27,5.06,indivi
4,1,15,-240,L,-,0,0.L,0.26,5.32,indivi
4,-1,16,-200,-,R,0,5.R,0.27,5.59,indivi
4,1,16,-200,L,R,1,3.XRL,0.27,5.85,indivi
4,1,17,-160,L,-,0,0.L,0.27,6.12,indivi
4,-1,18,-120,-,R,0,5.R,0.26,6.38,indivi
4,1,19,-80,L,-,0,0.L,0.13,6.52,indivi
4,-1,20,-40,-,R,0,5.R,0.26,6.78,indivi
4,1,20,-40,L,R,1,3.XRL,0.27,7.05,indivi
4,1,20,-40,-,R,1,4.XR,0.27,7.32,indivi
4,1,21,0,L,-,0,0.L,0.26,7.58,indivi
4,-1,22,40,-,R,0,5.R,0.14,7.72,indivi
4,1,22,40,L,R,1,3.XRL,0.27,7.99,indivi
4,1,22,40,L,R,1,3.XRL,0.27,8.26,indivi
4,1,22,40,-,R,1,4.XR,0.41,8.67,indivi
4,1,23,80,L,-,0,0.L,0.27,8.94,indivi
4,-1,24,120,-,R,0,5.R,0.13,9.07,indivi
4,1,24,120,L,R,1,3.XRL,0.4,9.47,indivi
4,1,25,160,L,-,0,0.L,0.26,9.74,indivi
4,-1,26,200,-,R,0,5.R,0.4,10.14,indivi
4,1,27,240,L,-,0,0.L,0.27,10.41,indivi
4,-1,28,280,-,R,0,5.R,0.12,10.53,indivi
4,1,28,280,L,R,1,3.XRL,0.41,10.94,indivi
4,1,28,280,-,R,1,4.XR,0.39,11.33,indivi
4,1,29,320,L,-,0,0.L,0.26,11.6,indivi
4,-1,30,360,-,R,0,5.R,0.14,11.74,indivi
4,1,30,360,L,R,1,3.XRL,0.39,12.13,indivi
4,1,31,400,L,-,0,0.L,0.27,12.4,indivi
4,-1,32,440,-,R,0,5.R,0.4,12.8,indivi
4,1,33,480,L,-,0,0.L,0.13,12.93,indivi
4,-1,34,520,-,R,0,5.R,0.38,13.32,indivi
4,1,35,560,L,-,0,0.L,0.27,13.58,indivi
4,-1,36,600,-,R,0,5.R,0.13,13.71,indivi
4,1,37,640,L,-,0,0.L,0.41,14.12,indivi
4,-1,37,640,L,R,1,2.XLR,0.39,14.52,indivi
4,-1,37,640,L,R,1,2.XLR,0.27,14.78,indivi
4,-1,38,680,-,R,0,5.R,0.4,15.18,indivi
4,1,39,720,L,-,0,0.L,0.27,15.46,indivi
4,-1,40,760,-,R,0,5.R,0.26,15.72,indivi
4,1,40,760,-,R,1,4.XR,0.54,16.25,indivi
4,1,40,760,-,R,1,4.XR,0.27,16.52,indivi
4,1,41,800,L,-,0,0.L,0.13,16.65,indivi
4,-1,41,800,L,R,1,2.XLR,2.13,18.78,indivi
4,-1,42,840,-,R,0,5.R,0.93,19.72,indivi
4,1,43,880,L,-,0,0.L,0.14,19.85,indivi
